1774
348
117
4677
5953
9535
8828
10999
13323
12793
12527
12607
12948
16242
14074
17371
22176
21129
23679
23140
21871
23317
23032
28123
30129
33801
33105
36344
35247
34999
39878
38558
42722
42480
41683
43584
42248
44012
44327
47047
49116
50606
52002
53202
52118
52118
60879
62547
62881
63853
69386
72356
74034
74187
73126
76079
74584
79905
81368
82949
83162
84266
86245
87578
88096
91077
92491
94217
94827
95657
96044
97644
98296
99722
101129
101134
104337
102473
104353
104185
105020
109844
109134
110761
112930
111594
114480
115816
116053
118189
117981
117722
119625
118601
119759
123619
124235
124838
124621
128127
130038
130307
129303
131127
131192
132325
133609
136586
137231
139459
139617
141323
141635
142234
142549
143324
146894
147933
151867
152082
150890
153533
153897
154559
154883
158497
161138
160671
165432
164882
166370
166719
169674
169162
173077
175782
176158
176212
180023
178679
179522
180631
180747
180501
184931
185289
187508
187305
186543
187703
189861
187487
190407
191030
190822
193277
191448
194539
197072
196573
196410
198035
200738
199099
198993
199857
203128
202113
205963
205235
209122
210913
208792
215227
214709
215634
217838
219249
220180
220500
223175
224637
226320
229065
228836
230226
231652
232351
236870
235271
237283
242539
242444
244117
244129
247190
246957
249241
248782
251022
250524
253445
252797
253840
252283
254835
257802
258077
258423
259008
260255
260321
263656
264709
265008
262894
262595
267163
269138
269417
269983
270032
271135
270642
276203
277963
277022
278052
279531
282044
280209
281615
281874
285165
287275
286420
289578
289044
291364
294367
294736
293751
296691
300775
304249
304920
306010
308289
308386
307281
312562
313423
311778
313257
316248
317407
317458
319746
319779
321413
319041
324948
326402
327099
327660
327965
330943
331512
329941
332288
333379
334705
334497
334078
335738
342798
342801
342680
342134
345335
344570
345109
349932
349270
351683
354913
357603
360343
359908
362393
361597
361624
361692
362572
369351
369075
371008
372820
373901
372078
374917
377162
378323
378671
381656
378976
380951
383109
385405
383029
385053
386433
387878
387892
391763
391564
391890
391890
391376
393106
396251
398419
398208
400347
402095
401843
403825
406099
405302
405145
403766
409054
409879
410157
408929
412775
412828
412894
415160
414409
416648
417244
417274
419426
418987
422121
426214
426230
429436
427352
431006
433546
434390
435248
436045
437205
438931
438223
440212
441241
442403
444446
445638
445696
444356
445201
445528
448435
447149
448034
448939
451921
449563
452564
452593
457589
459478
460656
464771
467557
466840
469144
471628
472559
474420
474320
477238
478393
478724
479951
483247
486171
486233
484353
484904
485239
485523
487197
489758
490562
490787
491157
491492
492571
492368
494508
497202
494762
498256
497002
497755
497534
500261
499841
502881
501072
503289
503580
506221
511311
510596
512035
514959
515232
515323
517209
520416
523434
524042
522972
529378
531692
535111
534232
535795
537177
536906
536667
536132
540005
540527
541403
546975
552101
549936
552389
550538
551962
555718
556026
559385
560047
559765
563722
562152
566920
568113
568895
569744
568988
570397
569642
579474
580089
579569
579110
579126
581617
580834
580880
584018
585466
586038
588512
590757
590372
590393
594200
594629
596307
598500
597683
597139
601434
600347
600123
604940
606026
606361
608565
609698
609437
609110
609355
608788
609806
612335
609619
611292
611602
615044
616153
616723
617035
619537
618474
620125
617742
618892
621221
619967
622225
624626
629891
631734
632438
634570
636077
634742
642007
641476
643482
644910
643871
644165
644464
646392
646401
646516
648636
649183
653854
652572
654764
655673
655162
658543
659462
661345
662843
662547
664022
665673
668192
667550
667855
669232
670564
668984
669868
670660
673759
675167
675246
676895
676900
675830
675330
679444
677914
677938
680368
683444
684351
685453
685518
688071
689275
687452
690497
692681
693249
693392
693122
692565
692917
693172
692623
701292
700375
702792
702579
703525
705638
704918
707131
707686
708325
711710
709825
711243
714151
714167
721089
723109
725263
726357
723915
724759
726117
726168
725753
728756
729805
727187
729188
730758
731689
734745
737159
739039
740484
740842
740645
748821
751151
751436
750200
756723
756795
758652
759531
759886
761731
765254
768326
768839
772154
770876
772517
770679
770958
773325
772101
774796
777730
777239
778343
777593
782222
784824
787405
787307
787080
789837
790126
791386
794463
794514
799188
807386
807406
807467
810260
811959
812600
810715
814565
815685
814342
816881
817309
818353
820036
820819
819050
818490
819309
821832
821341
824544
825771
826921
828600
827827
828114
828439
832070
832743
832477
835205
834690
836806
838125
835474
836927
839901
843829
846749
846271
849987
850405
853397
851889
853991
854055
855260
856163
860298
861531
859913
860786
865466
865548
867829
868908
869807
870216
871883
871664
871741
875233
875559
875037
877107
877814
881002
880759
880361
882476
888984
889053
889569
892525
892133
892646
894265
894396
897599
897341
898956
897970
900026
898766
899340
901546
900836
901625
905493
905263
906065
904528
906971
907260
906516
907142
910852
910304
911951
912354
913954
915046
914648
918902
919512
920609
920433
920436
922455
922745
925191
925761
926809
927670
927719
926633
927308
929495
928438
929564
929024
931457
930889
931229
931265
931548
933411
937416
939353
939156
940510
945835
946406
943711
944039
945646
945710
947142
950170
951878
950902
953569
952310
953260
953555
954057
955211
958606
960226
961636
960696
961271
962964
964834
964304
966150
970568
967655
967864
971243
973642
973993
975553
982391
985893
987909
986313
987946
988229
990781
988692
992466
992485
992243
994803
995057
997677
996699
998832
998624
2031
686
1302
6571
11785
14823
19624
21127
22961
25057
26248
25239
27578
28065
29847
31319
36410
35052
41532
46811
45466
48519
50721
54236
55113
55597
56178
57913
56021
62014
62051
64225
62341
68013
68021
72081
73226
72231
77514
79214
80420
80199
82137
84421
82880
89241
98947
99245
99846
102064
106117
106645
114584
114008
115478
118178
121645
121658
120843
123280
124178
124078
124947
127948
126674
132675
135502
137024
139378
145232
145640
148429
149036
157548
157645
157683
157224
160850
163080
166620
172066
172213
176882
178740
180559
180828
183415
186626
185680
188439
189380
189413
195081
194665
195730
203336
203145
202319
209844
214476
217076
218222
220927
218533
221039
220823
221444
224520
225523
224249
224750
222902
228924
232130
232877
235380
234929
234711
238471
236699
240820
240893
241510
241017
242046
242160
245449
248009
246810
251225
253006
252442
254609
253701
264838
269792
271708
272134
273790
275470
276277
281108
283064
287012
288227
290669
291478
291612
291139
292272
294745
295073
299342
300565
302538
306280
308316
309654
311373
312288
311784
311575
311308
316891
315530
317679
315252
318380
317907
321120
320110
323713
326334
328209
328560
332482
337630
337090
338827
337247
340055
342465
343924
346677
347196
346684
347457
347316
348643
348160
350030
350766
353703
355872
357170
355946
359906
363633
364987
368945
369009
371151
372507
374155
375969
378170
379573
382015
383720
384031
383525
387674
387746
389970
390960
391046
394953
397031
397852
397365
403275
406589
409892
411305
410498
414825
415694
416872
419942
422497
432744
434832
438370
436253
436281
436820
439496
439088
441825
441856
440589
442802
444905
447366
447517
448895
448928
453350
454092
454749
456323
456110
458496
459711
459200
460915
463461
465225
466753
470352
476088
478447
481069
480572
485565
488474
487430
488310
488078
489213
491973
492151
493505
494020
494338
495735
496362
501870
502518
504634
506458
506512
508913
509002
509859
507953
513532
513436
514343
517940
519863
518588
522052
522084
526268
526033
529786
532562
531333
532690
537472
536696
535913
543671
544009
544576
545648
546607
549436
552683
557353
556935
559812
562370
570863
570383
571695
571719
572561
571332
571835
578683
577687
580322
582654
584689
584717
583749
584312
586878
589273
591149
593046
594910
593195
595527
599413
600945
604963
605622
607419
610304
610163
612157
618449
619599
619631
619717
621125
623534
623687
627407
629389
628672
631652
632372
632437
632672
634985
638794
641669
640723
642814
646701
646743
647026
647026
648360
648091
649586
652160
661328
663699
665051
666528
666547
666571
667133
666945
669370
668859
668441
670126
676634
677293
678794
683372
683135
687213
687676
690371
692156
692604
697954
706012
704421
708878
709502
708721
715420
731540
730798
731393
735051
736443
738944
740886
741264
744229
743001
748680
748743
750366
750921
750769
755583
756785
756532
760676
758876
759665
764077
766715
772548
775879
773210
777505
782538
782250
781525
784832
784145
786119
785855
791219
793520
794136
796335
799241
799431
801257
798615
801531
801084
801696
802789
802884
804368
813936
813389
812985
816778
816344
816875
816933
818534
818938
819032
820404
830040
830309
827964
832664
832829
832831
832836
833173
839574
840539
843858
852118
854878
858018
863456
863296
865506
863656
866385
870929
868884
871174
871620
874276
878401
876063
883149
887335
885507
885525
885597
891782
898978
899042
902950
906476
908214
910116
911608
915671
918505
919930
922216
920950
924829
925961
927636
929283
930526
932680
933483
933525
935929
938746
941817
941902
952788
955371
954353
959092
959961
957821
959798
961211
966495
967340
968201
972593
972908
971317
971865
973572
975569
978783
982959
981947
984343
988241
990046
992068
993524
997086
278
357
360
934
989
1061
1266
1341
1546
2302
2713
3323
3372
3621
3786
3865
4048
4051
5409
5666
6359
7100
7119
7154
7187
7267
7322
7787
8750
9734
10429
10787
10868
11142
11452
11549
11879
11907
12668
12670
12727
12928
13645
13840
13999
14218
14277
14974
14992
15102
15640
16040
16147
16972
17084
17107
17279
17329
17855
18113
18252
18401
18979
19062
19119
19224
20077
20722
21239
21336
21536
21975
22004
22154
22418
22462
22893
22946
23102
23138
23509
23817
23891
24018
24079
24096
24224
25023
25290
25410
25743
26249
26586
26607
26897
27258
27869
27906
27950
28197
28975
29104
29197
29478
29922
29960
30542
31059
31425
31645
31820
32027
32502
33532
33599
34039
34493
35021
35206
35282
36302
36501
36840
36958
37026
37179
37379
37574
39800
39872
39875
40112
40582
40815
41141
41932
42006
42105
42957
43043
43048
43051
43053
43144
43263
43590
44123
44289
44332
44737
44749
44948
45144
45274
45889
46085
46510
46664
46840
46915
47406
47580
47591
47640
47657
47671
48237
48428
48508
48789
49576
49835
49960
51022
51058
51305
51430
51574
51668
51989
52071
52325
53112
53489
53589
53637
54069
54115
54461
54495
54844
55540
55933
56287
56433
56536
56583
56586
56648
56935
57068
57074
57311
57445
58472
58774
58937
59042
59309
59318
59925
60365
60507
60509
60619
60914
61052
62042
62167
62179
62281
62300
62311
62331
62335
62480
62897
62921
63166
63504
63776
63918
64367
64843
64896
65191
65378
65805
66802
67195
67813
67987
69390
69517
69827
69929
70485
71119
71293
71681
72998
73094
73149
73338
73473
73565
73581
73652
73862
74181
74338
74464
74471
74548
74695
75064
75133
75408
75799
76899
77006
77058
77218
77305
78368
78629
78636
78665
78754
79056
79322
79665
79746
80680
80757
81253
81842
81914
82080
82468
83308
83423
83605
84146
84159
84483
84539
84854
84879
85201
85384
86124
86440
86784
86835
86840
87020
88133
88208
88461
88745
88883
88972
89285
89545
89808
89932
89935
90448
90767
91196
91782
92316
92730
93901
94314
94408
94624
94699
95143
95550
95991
96595
96704
96891
96912
97444
97860
98349
99063
99130
99510
99960
100739
100897
101580
101652
101855
101950
102062
103483
103536
103794
103994
104129
104958
105288
105303
105573
105912
106031
106081
106158
107136
107557
107689
108293
108442
108622
108861
110125
110583
110834
110976
111099
111278
111938
112098
112161
112213
112815
112832
113009
113328
113343
113977
114070
114255
114618
114834
114880
115011
115202
115844
116281
116322
116764
117034
117459
118026
118071
118139
118152
118206
118330
118406
119157
119571
120041
120358
120383
120725
121395
121708
121976
122231
122406
122761
122894
124020
124344
124506
124556
124803
125038
125748
125855
126053
126683
127102
127297
127561
128164
128540
128845
128855
128923
129173
129309
129600
129763
130562
130992
131287
131296
131458
132116
132175
132429
132770
133242
133368
133956
134036
134222
134952
135363
136075
136313
137172
137252
137791
137904
138017
138423
138483
138656
139033
139342
140095
141160
142028
142189
143078
143761
143876
144694
144791
145124
145244
145317
145448
145886
145922
146128
146135
146394
146494
146825
146852
147073
147104
147493
147756
147782
148016
149320
149573
149903
150636
150788
151081
151602
151769
152346
152371
152435
152541
153101
153309
153846
154078
154409
155104
155116
155255
155279
155694
155737
155926
156180
156271
156457
156470
156984
156998
157608
157789
157896
158063
158781
158824
158890
159028
159184
159566
159714
159767
160042
160116
160195
160312
160486
160552
160900
161188
161206
161729
161748
162017
162310
162532
162678
162688
162722
163419
163668
164275
164906
164913
165118
165557
166076
166118
166240
166950
167474
167807
167877
167891
167969
168577
168630
169457
170093
170271
170554
170694
171509
172092
172098
172276
172313
172482
172958
173181
173424
173891
173908
174250
174253
174289
174960
175127
175158
175417
175550
176175
176375
176780
177684
178327
178476
178739
178851
178979
179604
179822
180413
180640
180924
181201
181227
181628
181666
181947
182144
182459
182820
183258
183749
184273
184805
184868
184941
185130
185732
186821
186858
187124
187308
187364
187469
187863
187902
188193
188826
189417
189468
190493
191690
192013
192121
192225
192643
192945
192994
193084
193561
193699
194718
195189
195438
195575
195923
196277
196433
196441
196680
197013
197211
197913
198163
198262
198327
198548
198775
198977
199001
199011
199799
199812
199862
200278
200913
200929
201385
201605
201797
202007
202229
202599
202759
203605
203754
203901
204634
204892
205035
205190
205220
205414
205418
205865
206071
206299
206731
207954
208198
208388
208636
209615
210299
210573
211220
211955
212091
212566
212916
213118
213380
213539
213654
213935
214220
214570
214604
214712
214885
214892
215242
215445
215498
215660
216109
216201
216325
216346
216811
216912
216935
217473
217780
217903
217989
218052
218238
218288
218998
219096
219107
219328
219885
219952
220339
220515
221058
221402
221513
221529
221921
222269
222485
222703
223032
223056
223373
223400
223517
223553
223558
224440
225544
225592
225940
226097
226100
226505
226875
226972
227160
227284
228458
228670
228910
229139
229318
229633
230193
230371
230470
230585
230811
231021
231694
231825
231829
232040
232078
232463
232828
233649
234258
234342
234477
234612
235362
235728
236359
236398
236616
236673
237523
237905
238067
238156
239248
240483
240781
240798
240962
241038
241350
241698
241990
242114
242350
242417
242731
243186
243599
244003
244368
244698
244865
245173
245390
245497
245762
245863
247283
247335
247490
247522
247543
247638
248076
248233
248723
249081
249791
249897
249927
250054
250762
251024
251084
252431
252534
252557
252638
252830
252836
253214
253345
253381
253442
253518
253639
253937
253989
254045
254452
254463
254744
255239
255704
257213
257228
257476
258472
258678
259205
259318
259671
259974
260223
260464
260835
261727
261875
262143
262584
262929
263329
263451
263542
263772
264610
264835
264882
265673
266504
267080
267811
268029
268340
269250
269384
269801
270615
270728
271070
271394
271710
271751
271874
272066
272117
272130
272428
272501
272601
272631
272917
273008
273866
274358
274629
274754
275519
276487
276604
276619
277868
277890
278495
278511
278724
279266
279269
279370
279754
279964
280096
280883
281227
281368
281386
281479
281778
281992
282048
282400
282700
282796
283501
284593
285227
285529
286107
286349
286424
286477
286685
287114
287271
287406
287522
287604
287675
287795
288684
289470
289692
290315
290388
290719
291024
291326
292018
292770
293296
293681
293977
294470
294628
294899
294924
295090
295653
296491
296642
296781
297405
297711
298206
298218
298344
299557
299573
300588
300767
300810
301113
301381
301527
302738
302815
302870
303561
304144
304284
304579
304581
304714
305346
305409
305692
305814
306269
307422
307711
307746
308443
308614
309069
309606
309911
309991
309996
310214
310315
310323
310575
310971
311146
311667
311810
312268
312867
312890
312905
312935
313184
314216
314599
314832
314970
315013
315028
315100
315862
316233
316321
316435
316595
317084
317207
317567
317609
317880
318609
318906
319196
319298
321277
321746
322223
322368
322369
322535
322766
322902
323276
323727
323748
323929
324137
325013
326470
326947
326963
327504
328011
328360
328810
329343
329611
329613
330061
330148
330173
330215
330998
331231
331357
331631
332149
332336
332412
332741
332947
333054
333254
333586
334515
334787
335269
335810
336317
336567
336689
336750
336978
337884
338219
338233
338304
338398
338422
338888
339551
339693
339932
341020
341625
341901
342071
342354
342865
342987
343586
343592
343944
344032
344038
344040
344374
344435
345655
346009
346063
346163
346916
346967
347521
348045
348260
348283
348389
348642
348912
349087
349362
349382
349417
349928
349999
350205
350855
351357
351444
351555
351728
352093
352636
352916
353085
353157
353736
354516
356121
356649
356952
357023
357444
357817
357914
358054
358401
359217
359372
359731
359875
360009
360424
360786
361057
361067
361146
361601
361645
362858
363351
363444
364009
364172
365018
365363
365364
365908
365963
366017
366388
366627
366698
366764
366847
367054
367126
367146
367280
367938
367960
368351
368599
369019
370159
370513
370537
371236
371246
371636
371807
372049
372095
372520
372698
372923
373076
373806
373881
374301
374302
374382
374394
374580
374727
374889
375323
375714
375749
376066
376637
376791
376833
377208
377340
377457
377548
377786
377860
378089
378090
378799
379375
379743
380378
380668
380718
381701
381988
382041
382557
382658
382793
383027
383237
383557
383625
383692
383778
383791
384051
384385
384480
384855
385015
385054
385465
386017
386115
386186
386656
386912
387383
387396
387910
387942
388263
388383
388583
389254
389525
389892
389919
389992
390193
390355
390686
390916
391287
391833
391964
392159
392460
392553
392746
393236
393684
394765
395034
395104
395168
395313
395383
395515
395654
395897
396377
396404
396567
397307
398030
398213
398337
398640
398981
399263
399524
399809
400213
400510
401062
401312
401659
401695
402334
402419
403063
403499
403673
404016
404106
404123
405680
405778
405875
406106
406878
407148
407454
407686
407844
408038
408196
408848
408963
409229
410037
410624
410910
411777
412789
413900
414020
414425
414479
415811
416140
416160
416420
416582
416675
416795
417340
417404
417456
417629
418629
418749
418946
420442
420951
421095
421107
421133
421617
422002
422962
423635
423789
424415
424433
424714
425035
425399
425841
425927
425968
426061
426227
426243
427029
427074
427463
427484
427872
427913
428589
428926
429546
429658
429847
429925
430175
430503
430536
431152
431427
431676
431952
432406
432650
433334
433524
433802
433989
434069
434597
434614
434833
434890
434918
434995
435942
436743
437145
437591
438214
438256
438318
438507
438544
438846
439067
439960
440190
440263
441002
441493
441734
441898
442014
442024
442353
442458
443534
443829
443999
444066
444563
445387
445515
445708
445917
446101
446452
446690
446910
447165
447605
448106
448291
449029
449448
450021
450039
450318
450933
451234
451398
451826
452159
453063
453406
453684
453719
453742
453878
454640
455246
455366
455514
455559
456123
456283
456451
456999
457020
457066
457726
457943
458048
458223
458727
458863
458988
459018
459024
459380
459608
459649
459670
459786
459944
460096
460321
460407
460576
460740
460806
460832
460895
461628
461739
461893
462015
462197
462604
462742
462821
463115
463280
463893
464133
464145
464236
464394
464763
464835
465388
465527
465542
465559
466174
466299
466374
466457
466956
467473
468401
468911
469116
469208
469215
469217
469472
470781
471486
472820
473192
473222
473300
473647
474296
474397
475079
475130
475753
476048
476327
476622
477369
478265
478388
478410
479082
479125
479727
479734
480205
481229
481643
481827
481903
482371
482437
483218
483572
483729
483748
483853
484157
484205
484407
484568
484581
484760
484941
485143
485283
485290
485430
485556
485870
485914
486401
487178
487327
487503
487561
487676
487914
488267
488302
489011
489057
489656
489773
490037
490423
490438
491333
491380
491599
491754
491790
493747
493850
494379
494483
494852
495121
495213
495288
495702
495945
495948
496188
496384
497030
497369
497533
498409
498681
498701
498766
498867
498976
499429
499478
499831
500186
500272
500893
501773
502037
502089
502442
502700
502765
503332
503358
503533
503538
503643
503892
505335
506509
506929
507036
507164
507187
507876
507932
508037
508372
508389
508540
508565
508567
509123
509988
510193
510413
510672
510781
510942
511155
512778
512837
513226
513338
514266
515631
515990
516573
516993
516999
517910
517939
518110
518267
518361
518406
518651
518728
518801
518877
519078
519105
519132
519404
519447
519826
519862
520594
520617
520826
521012
521577
523028
523034
523207
523270
523495
523929
524914
525351
525535
525573
525645
525806
526038
526049
526103
526126
526229
527059
527136
527150
527383
527862
528560
528667
530035
530398
530688
531366
531791
531891
531934
532045
532250
532862
533579
534912
534969
535033
535733
535758
536294
536652
536676
537886
538334
538467
538524
539139
539761
540161
541347
541449
541499
541903
542774
543031
543610
543701
543744
543749
543800
543868
544134
544339
544538
544814
545230
545260
545564
545682
546300
546575
546772
546786
546914
546971
547978
548091
548947
549515
549770
550169
550704
550800
550922
551094
551211
551477
551607
551632
551976
552278
552680
552730
552777
552920
553065
553518
555547
556237
557219
557452
557486
557698
558666
559086
560321
560584
560661
560804
561579
561674
561851
562121
562278
562302
563468
563664
564090
564624
565249
565357
565845
565910
565963
566091
566487
566838
567048
567164
567275
567278
567559
568213
568857
570098
570499
571056
571156
571184
571227
571481
571774
573054
573243
573389
573458
573705
573814
573845
574249
574361
574610
574666
574859
575486
576272
576433
576468
576776
576946
577164
577359
577813
578068
578203
578666
579120
579393
579549
579626
580201
580347
580446
580655
580724
580898
581130
581159
581299
581320
581494
582071
582650
583089
583222
583527
584003
584058
584114
584294
584786
585358
586023
586268
586797
586910
587378
587870
587932
588438
588745
589274
589278
589310
589759
590233
590547
590632
590786
591254
591499
592031
592181
592517
593594
593735
594090
594459
594659
594724
594737
594815
594891
595684
596131
596133
596318
596386
596553
596800
596923
597142
597633
597715
597727
597937
597988
598560
598562
598848
599020
599081
599271
599574
599645
600419
600458
600490
600724
601177
601242
601327
601466
601475
601710
601725
601771
602250
602292
602298
602556
602587
602832
603051
603062
603153
603269
603978
604074
604250
604519
604777
604930
605607
606187
606199
606717
606742
607307
607452
607547
607677
607751
607872
607909
607974
608495
608623
608895
609349
609710
609728
610007
610022
610090
610348
610417
612115
612766
612887
613019
613168
613391
613575
613840
614425
615244
615438
615491
615690
615696
616209
616508
617135
617246
617425
617954
618082
618375
619194
619818
620227
620271
620385
620642
620823
620909
620975
621202
621386
621566
621575
622016
622365
622661
622701
622906
622971
623172
623202
623277
623475
623484
624215
624242
624519
624533
624880
625592
625633
625825
626169
626240
626271
626442
627377
627515
627663
627694
628332
628689
628773
629424
629525
629540
629943
630326
631221
631382
631409
632128
632315
632328
632520
633010
633089
633109
633536
633977
634049
634143
634388
634531
634732
635301
635578
635704
635961
636236
636307
636593
636594
637707
637824
637897
637949
638752
638867
639108
639140
639407
639950
640050
640140
640585
641372
641538
642466
642601
642908
643018
643218
643255
643512
643865
644552
644730
644834
645128
645350
645571
645640
646049
646411
646887
647314
647316
647356
647386
647553
647733
647849
648570
649222
649305
649840
649958
650118
650416
650498
650627
650651
650916
650984
651352
651414
651842
652405
652700
652837
652901
652992
653237
653325
653377
653929
654769
654925
655415
655431
655749
656029
656074
656076
656082
656494
656497
656536
656579
656625
656713
656891
656974
657422
657812
657986
658056
658122
658583
658675
659135
659157
659172
659310
659361
659395
659917
660375
660522
661010
661116
661163
661476
661627
662047
662374
662817
662855
662856
663542
663669
664040
664660
664802
665778
665812
666295
666570
666724
666950
666989
667091
667574
668161
668176
669105
669382
669383
669503
669760
669801
670094
670328
671054
671275
671559
672138
672845
673227
673758
673782
674501
675072
675227
675436
675795
676368
676378
676426
676624
676729
677377
677417
678145
678637
678647
678726
678892
679413
679759
679796
680753
681242
681483
681760
682108
682503
682996
683125
683573
683635
683929
684059
684199
684288
684294
684827
684839
685208
685714
685918
685937
685948
685987
686168
686234
686424
686501
686717
686807
687170
687390
687437
687449
687648
688417
688470
688763
689060
689137
689304
689449
689490
689931
691083
691227
691285
691333
691825
692055
692332
692502
692712
692769
692936
693032
694455
694705
694821
694924
694987
695972
695997
696219
696230
696276
696326
696610
696993
697018
697136
697602
697667
698138
698194
698491
698820
698913
699086
699207
699324
699640
699745
700314
700371
700391
700446
701326
701502
701719
702394
703011
703625
703663
703769
704095
704386
704783
705047
705109
705263
705477
705480
705551
706183
708003
708081
708393
708531
708588
708718
709460
709540
709588
709638
709672
710567
711053
711303
711433
711731
712076
712389
712522
712596
712627
712696
712977
713024
713058
713091
713616
714182
714284
714703
714974
715359
715475
716087
717598
718147
718822
719122
719422
719654
719967
720357
721562
721911
722198
722382
722584
722690
724343
724376
724430
724519
724655
724682
725115
725309
725479
726111
727052
727623
727832
728089
728335
728340
728519
728773
728871
729405
729533
730145
731091
731110
731415
731452
731793
731902
731966
732253
732695
732858
732899
733103
733164
733452
733644
733731
733978
734018
734220
734434
734692
734969
735129
735352
735632
736345
736645
736898
737001
737188
737473
737702
738137
738445
738813
738878
738931
739018
739406
739749
740156
740981
741519
741578
741708
742145
742614
743244
743735
744984
745025
745237
745594
745729
745858
746065
746099
746566
746604
746629
746830
747000
747070
747102
747791
748052
748305
748427
748489
748557
748858
749235
749584
749590
749933
750097
750320
750699
750777
750783
750812
750889
750906
751121
751488
751769
752199
752249
752392
752441
752621
752852
753394
753572
753638
753693
753859
754571
755383
755605
756031
756053
756118
756622
756701
757029
757575
757986
758726
759248
759613
759859
759919
760013
760019
760171
760244
761305
761321
761412
761564
762830
764332
764368
764371
765018
765052
765203
765454
765709
765792
766179
766207
766435
766525
766691
766702
767272
768829
768896
770116
770607
770635
771087
771228
771339
771366
771472
771852
771925
772183
772211
772240
772335
772499
772584
772856
773116
773254
773290
773615
774485
774864
775423
775611
775859
776619
776714
777234
777647
777847
777851
778954
779849
780110
780522
780873
780875
781032
781483
781808
782019
782025
782127
782301
782782
782906
783022
783095
783277
783335
783371
783515
783732
784061
785106
785346
785687
785816
785870
786038
786064
786067
786447
787633
787719
788117
788629
788688
788832
788969
789055
789312
789450
789530
789678
790046
790103
790693
790959
791298
791425
791951
792672
792726
792796
792857
793521
794055
794097
794206
794339
794524
794682
794751
794843
795003
795198
795257
796075
796128
796305
796334
797050
797946
798037
798606
798773
798876
800230
800730
800767
801142
801617
802131
802677
803404
803445
803450
803585
803703
803810
804361
804469
804898
805171
805349
805612
805710
806289
806338
806503
807178
808035
808184
808273
808515
808715
808866
809100
809698
809898
810455
810698
810861
811130
811155
811182
811802
811936
812900
813102
813510
813634
813643
813762
813775
813848
813935
814378
814380
814794
814966
816069
816134
816140
816816
816985
817274
817308
818971
819277
819608
820009
820285
820508
820872
820980
821581
821776
821851
822853
823215
823217
823360
823677
823719
823828
824218
824405
824466
825056
825348
826453
826683
826797
826998
827053
827204
827286
827297
827397
827815
827862
828108
828312
828394
828485
828570
828637
828671
828898
829128
829220
829461
829465
830065
831492
831585
831939
831992
832156
832482
832485
832916
833319
833563
834365
834533
835112
835477
835705
836391
837806
838087
838308
838824
839046
839125
839178
839559
839598
840698
841102
841711
842103
842135
843012
843015
843095
843492
843603
843798
844530
844556
844839
844948
845054
845224
845343
845569
845933
846256
846523
846660
847032
847901
848053
848135
848537
848912
849075
849395
849578
849928
850856
850896
851556
851581
851602
851619
851761
852310
852384
852993
853008
853111
853473
853581
853849
854923
854963
855339
855467
855593
855641
855740
856352
856610
856730
857181
857528
857809
858545
858951
858997
859140
859538
859562
860037
860239
860269
861202
861336
861362
861639
861729
861937
862532
863147
863317
863356
863555
863640
863774
864114
864181
864643
864836
865032
865200
865201
865737
866206
866470
866498
866782
866891
867630
867726
867989
868046
868638
868639
868835
869222
869520
869547
869588
869748
869996
870590
870994
871115
871539
871753
872245
872371
872420
872595
872641
872910
873420
873512
874681
874869
875072
875198
875987
876828
876843
877342
877389
877457
877492
877892
878312
878728
878937
879143
879294
879460
879516
879613
879958
880158
880392
880850
881168
881369
881462
881851
881955
882035
882036
882322
882504
882545
883163
883335
883339
883536
884020
884100
884262
884294
884671
884752
885153
885527
886012
886349
886832
886854
888211
888309
888642
888706
889150
889284
890126
890213
890234
890235
890383
890810
891342
892035
892301
892480
892583
892970
893093
893518
894095
894142
894376
894758
895108
895164
895747
896167
896936
897633
897916
898255
898366
898486
898691
898880
899166
899328
899381
899727
899813
899867
900385
900483
902193
902283
902310
902397
903249
904036
904353
904748
904786
904821
904827
905297
906044
906548
906628
906959
907510
907571
907602
907688
908451
908519
908906
909427
909894
910262
910402
910620
910630
910772
910788
911070
911183
911284
911811
912061
912456
912511
913079
913154
913767
914111
914360
914555
915020
915241
915996
916259
916262
916263
916388
917468
917542
917755
917976
918175
918769
918911
919254
919946
920064
920104
920109
920531
920550
920738
920883
920975
921048
921887
922075
922817
922873
923443
923800
923929
924121
924649
924668
924839
924941
924957
925461
926021
926506
926765
926822
926909
927015
927760
927790
928453
928925
929009
929480
930565
930919
930925
931098
931126
931940
931969
931974
932322
933209
933410
933462
933610
934053
934854
935474
935597
935667
935695
936586
936829
936835
936946
937190
937404
937483
937591
937809
938039
938101
939064
939290
939882
939893
940802
941812
941849
942204
942467
943190
943522
943959
944221
944539
944990
945754
946009
946157
946262
947007
947056
947700
947884
948014
948180
948889
949081
949459
949844
950065
950251
950281
950412
950452
950634
951257
951422
951616
952084
952137
952300
952333
953204
953654
953713
954015
954178
955103
955241
955844
956283
957094
957229
957317
957572
959831
959902
959985
960221
960336
960472
960523
961883
961947
962239
962970
963192
963383
963498
964463
964900
965245
965325
965462
965636
965694
966000
966474
966615
966740
966922
966992
967476
967639
968235
968573
968690
969187
969339
969732
971031
971247
971282
971769
972009
972397
972688
972724
973143
973272
973537
973729
973744
973787
973821
973931
974045
974070
974690
974807
974941
975023
975052
976052
977162
977164
977613
977764
977937
979296
979406
979763
979919
980031
980108
980447
981020
981052
981231
981246
981943
981945
982181
982753
984330
985073
985565
986148
986542
986632
987052
987071
987080
987461
987598
987706
987719
987934
988084
988957
989145
989176
989204
989530
989657
990010
990513
991024
991265
992933
993183
993316
993886
994388
994580
994735
994822
995381
995483
995561
995700
995845
996172
996236
996372
996426
996597
996648
996676
996739
997156
997196
997476
997798
998329
998964
998978
999216
999420
999683
999979
