112022
259431
269202
301538
310564
426172
426582
469394
738186
746311
766578
902853
968216
1112
1712
1712
3569
6573
6254
13956
18211
18593
19700
25095
26492
25449
26741
33545
32316
35721
35175
36358
39639
39774
40867
44395
44083
47242
48726
48084
48165
50379
49722
49722
51196
51678
51736
52820
55781
55792
55493
54290
56902
63198
64716
62825
62825
62825
62825
62825
67584
66923
68265
74700
76656
79197
81537
82401
82421
83181
83181
86265
85271
85271
89932
91676
92777
94481
93480
98248
97397
98860
99498
106626
106626
106463
106463
105427
108399
107849
112998
112998
112906
114968
117196
115728
118434
117154
117154
117154
121124
123223
121415
126391
125442
135444
137062
139485
139779
148740
148141
153874
160620
160448
159469
159824
159824
162787
162492
163623
162975
166277
166697
166697
170916
170916
171510
173753
174834
185900
188400
189081
191957
191962
194276
194340
195495
198858
198858
204709
208175
208571
210701
214114
214114
213905
213905
215389
217107
217090
217090
219331
219517
222730
224955
226160
226160
229789
231937
236824
236149
240461
243220
245199
245199
245199
245199
245245
247330
248578
252086
251640
255934
258330
258330
259431
264772
264772
262479
262479
264540
262953
263988
264382
270439
269202
274112
278365
280796
281759
283940
286155
286937
286963
290623
290623
291649
292018
295581
295581
295581
295338
299856
300983
301862
301765
304413
305467
305467
307015
308292
308292
307709
310018
309745
310068
310211
311177
310564
312926
317089
318441
319215
319674
326533
325903
325903
325111
330630
330630
332497
333421
335622
341143
342109
343551
343954
343770
348611
355077
359217
359217
362359
369636
371084
370919
370919
371288
373881
374059
376731
378496
380119
379793
384236
387369
389451
390478
391794
392449
395030
395030
395721
395153
396591
398382
398463
398463
398463
398463
398463
401135
401135
403224
402680
402044
403964
405492
406301
406579
408877
413750
413750
412843
414479
413248
415418
417722
420094
419646
421576
424338
427117
431419
431573
430971
434586
435840
435910
437412
439286
440190
450536
452218
452218
451617
452045
452737
453086
453086
459380
458518
460730
463738
463115
464409
468563
473875
477809
479835
479935
482376
482118
485430
486185
487791
490111
491017
492555
493615
493017
493055
493807
495577
500964
499141
502016
501721
502453
506259
506720
506478
506478
506478
506478
506543
507147
508182
508922
508939
508939
508939
510958
518935
517105
521837
523014
523928
523963
530499
532831
535845
538774
538614
538614
543610
548070
552804
552398
559318
559004
559004
558407
560537
563516
564082
564082
564082
572671
572090
572090
574855
576830
577078
578153
580061
582952
585302
583995
584096
587796
589278
594258
596427
596427
596427
598809
598637
603344
604138
604676
607282
609644
609314
611804
611804
612188
612768
617035
618660
619925
622065
620543
624616
626248
627089
628450
629167
630268
632315
631409
633934
640412
641944
641944
641018
645978
648484
647712
647982
651705
651846
651846
653375
653611
656308
658112
660314
662980
665076
664271
667273
670096
670824
671487
672863
672328
674416
673523
673523
678726
678974
678974
678974
678983
680814
681471
682907
682300
682300
682336
685569
688007
685846
685846
688036
689416
687878
689910
691129
692459
696408
697689
697689
703338
703338
703338
705829
705263
712022
718244
719527
722198
727150
732758
733445
744682
744782
745079
749333
750320
749661
753859
754761
759549
761445
762886
764750
767840
769719
769457
772636
774540
774058
774664
775506
779046
781163
783981
788192
790763
793164
795629
796876
799784
801345
801892
801608
805528
805528
809500
812033
815129
815129
815129
815129
814613
815335
819603
820285
822558
822989
824856
825857
832677
833428
835293
835669
837851
837268
842463
845801
846438
848718
848718
849726
848564
850923
852530
852530
855103
858968
863538
865248
867628
867963
877941
877667
878023
882035
882035
884197
884772
886860
886860
886860
888191
896757
896778
896876
896936
898691
899348
899408
902040
903421
902853
906639
906127
906127
907536
916492
917486
917486
917163
923188
922608
922608
924258
924258
925366
931974
934982
935572
935082
940790
942259
942269
945860
945557
946009
946009
946009
946009
947582
950677
954517
954517
953554
953874
953874
952696
958873
960568
965702
967321
973182
973182
977164
976635
980031
982134
981531
981531
983696
987192
988548
988548
990693
991036
990745
991808
994724
997736
998708
357
360
374
453
989
1341
1546
1760
2302
3111
3133
3171
3372
3712
4048
4192
4284
5409
6359
6538
6794
6967
7267
7315
8658
9734
10006
10429
11142
11452
11501
11784
11826
11907
12195
12302
12668
12852
12928
13142
13571
13645
13662
14277
14488
14671
14877
14992
15118
15579
16972
16986
17084
17107
17329
17535
17833
18113
18124
18401
18549
18979
19119
19754
19756
20100
20287
20700
20722
21019
21226
21413
21743
22004
22677
23885
23891
24018
24096
24159
24182
25290
25427
25507
25743
26967
27258
27471
27529
27542
27869
27950
29104
29214
29704
29922
30031
30179
31473
32815
33220
34053
34493
34539
36022
36185
36302
36502
36840
37246
37708
37916
38323
38548
39102
39567
39984
40610
40854
40964
41767
41932
41958
41959
42006
42782
42957
43004
43051
43139
43263
43638
44251
44514
44737
44939
45074
45274
46085
46097
47055
47640
47671
48508
48948
49528
49956
51022
51156
51160
51574
52014
52071
53282
54069
54313
57068
57074
57158
57931
58024
58339
58472
59318
59950
60507
60619
60914
61252
62202
62335
62480
62921
63210
63420
63504
63918
63943
64113
64157
65378
65545
65734
65776
66021
67195
67415
67813
68147
68377
69724
69929
70420
71943
72539
72668
72808
72998
73473
73565
74016
74259
74464
74471
74981
75171
77006
77141
77594
77631
78233
78629
78714
79056
79784
79927
80956
81439
81801
81842
82042
82309
82437
82468
82634
82700
82797
83049
84119
84409
84539
84556
85125
85558
85979
86440
86835
86840
86873
87914
88272
88281
88461
88745
89319
89614
89673
89808
89833
89849
91368
91378
91522
91648
92067
92730
93070
93901
93945
94011
94235
94408
94537
94699
94723
94835
94998
95339
95550
95599
95849
96468
96472
96521
96595
96838
96873
97119
97444
97860
98349
98565
98978
99311
99536
99666
100739
100897
101147
101580
102476
102702
102931
103408
103536
104387
104576
104958
105288
105303
105415
105928
106226
106942
107117
107136
107557
107689
108861
109236
109318
111411
112161
112541
112743
112815
113328
113343
113432
114238
114880
115011
115525
116281
116691
117071
117163
117459
117860
118139
118206
119567
119682
119975
120237
120270
120358
120823
121202
121395
121768
121882
121911
122056
122172
122231
122520
123103
123237
123275
124020
124473
124724
125038
125181
125583
126649
126853
127561
128050
128210
128845
128923
129173
129309
129566
129745
129847
130011
130107
130562
130852
130985
131287
131458
131599
132175
132429
132795
133876
133891
134129
134222
134229
134523
134711
134952
135423
135517
135756
136289
136313
136449
137298
137499
137904
138956
139033
139342
139623
139638
139900
139948
140305
141605
141775
141983
142028
142056
142837
143761
145124
145244
145886
146089
146494
146825
147073
147168
147373
147493
148420
148610
148762
149352
149475
149903
150636
151081
151341
151745
152165
152346
152541
153422
153463
154180
154409
154946
154992
155255
155279
155694
155753
156271
156457
156681
156984
157447
157789
158781
158984
159271
159339
159454
159714
160339
160486
160538
160552
161551
161690
162017
162699
163109
163141
164072
164275
164600
164722
164913
164983
165011
165129
165454
166047
166130
166240
167412
167545
167828
168630
169098
169411
169463
170271
170336
170694
170710
172276
172313
173181
173424
173870
173908
174145
174250
174253
174381
175092
175152
175594
176340
176463
176526
177759
178000
178476
178733
178739
179270
179448
179629
180732
181201
181268
181296
182366
182734
182997
183261
183810
184093
184690
184931
185130
185538
185605
185732
186746
186858
187308
187863
187902
188193
190151
190384
191369
191695
191806
191872
192633
192683
192972
193432
194617
195031
195261
195405
195824
196021
196441
196640
197013
197049
197064
197387
198327
198977
199011
199283
199320
199862
200176
200184
201385
201444
201805
202229
202592
203144
203260
203280
203576
203659
203754
204268
204707
205088
205220
205268
206071
206299
206487
206763
206871
207014
207832
207954
208252
208256
208464
209615
209828
209954
210157
210340
212091
212152
212735
212916
213201
213654
213715
214220
215119
215242
215274
215681
216145
216417
216548
216564
216811
216912
217108
217211
217548
217729
218052
218867
219464
219782
219795
220082
220317
220350
220515
220736
220955
221519
221529
221604
221921
222205
222269
222485
222788
223032
223322
224319
225191
225526
225592
225940
226430
226630
229425
229782
230345
230371
230449
231373
231411
231487
231826
232078
232463
232794
233025
233388
233738
234342
234766
235170
235264
235395
235728
235751
236359
236826
236931
237275
238032
238067
238252
239248
239508
240217
240962
241180
241698
241990
242350
242461
242833
243186
243599
243717
244211
244413
244800
244811
245762
245863
246149
246183
246349
246371
247175
247283
247335
247543
247663
248208
248655
248868
249225
249594
249897
249930
249983
250390
250424
251084
251595
251602
252150
252534
253345
253442
253814
253989
254010
254452
254465
255105
256384
256601
256730
256859
257836
257893
258344
258609
258611
258655
258836
259369
259515
259546
260313
260714
260792
260835
261353
261704
261875
262384
262487
263542
263664
263989
264610
264729
265943
265952
266504
266735
266991
267080
268800
269384
269801
270104
270106
270238
270423
271265
271592
271874
272130
272568
272631
272917
272951
273390
273866
274084
274778
275005
275603
275899
276978
277244
277403
277591
277650
278620
278643
278724
278726
278948
279391
279423
279555
279646
279754
280167
280240
280263
281227
281283
281778
281936
282620
282796
284751
285094
285208
285504
285930
285934
286113
286313
286601
287369
287607
287966
288017
288234
288941
289192
289470
289657
289891
289908
290087
290876
290960
291706
292025
292769
292770
292875
293514
294470
294729
294924
295245
295563
295653
296781
297333
297405
297524
298044
298218
298344
299557
300767
300810
301113
301527
301857
302123
302547
303529
303561
304609
305863
306767
306993
307353
307826
307925
308539
309210
309911
310003
310582
310720
311146
311374
311583
311667
311827
311913
312646
312867
312890
312935
313206
313298
313687
313698
313820
314787
314970
315390
315862
316194
316321
316595
317609
317632
318609
318882
318906
319085
319126
319196
319254
319497
319573
319710
321071
322194
322535
323253
323929
324270
325373
325861
326053
326682
326947
327473
327907
328078
329098
329355
329411
329455
329956
330215
330456
330582
330766
331231
331270
331357
331770
332149
332412
332433
332741
332947
333054
333239
333458
333956
334787
335465
336567
336590
336638
336750
336841
337046
337194
337884
338634
338736
339163
339283
339934
340445
341020
341590
341723
341744
341969
342865
343032
343169
343259
343496
344038
344040
346009
346042
346063
346653
346916
347623
347722
348133
348389
348912
349362
350629
350855
351169
351555
351623
351867
352093
352400
352446
352536
352636
352952
353034
353911
354075
354116
354516
355196
355263
355507
355660
355877
356324
356353
356611
357381
357478
357817
358102
358197
358642
359184
359610
360009
360036
360288
361013
361067
361146
361645
361812
363125
365018
365171
365443
365535
366017
366847
366905
366998
367055
367126
367229
367938
368017
368083
368865
368972
369019
369425
370039
370381
371236
371340
371636
372499
372923
373543
374301
374727
374889
375013
375323
375420
376754
376789
377457
377647
378892
379375
379546
379743
379782
379812
379875
380378
380471
380757
381197
381812
382557
382637
382853
383001
383027
383237
383557
383778
383791
384051
384480
384772
384986
385146
385694
385907
386498
386502
386899
388583
388678
388732
389815
389992
390193
390646
390916
391865
392457
392553
392746
393061
393370
393684
393731
393742
393828
394765
395026
395104
395125
395168
396205
396404
396496
396572
397575
398337
398837
399524
399583
400213
401016
401062
401100
401154
401324
401534
402222
402570
403074
403279
403499
404016
404352
405291
405338
405434
405530
405811
405875
406878
407121
407721
407806
408190
408207
408420
408848
408905
409229
410037
410069
411220
412547
413238
413514
414151
414801
416160
416309
417151
417340
417456
417978
417996
418016
419051
419656
420897
421189
421382
421746
421968
422131
423160
423563
423981
424714
424823
426159
426467
426519
427463
427554
427872
427913
427968
428530
428772
429051
430175
430259
430752
431427
431505
431952
432166
432747
432795
433031
433187
433546
433905
434325
434833
435075
435382
435900
435942
436889
437045
437129
437425
437691
438507
438514
438890
438963
439105
439248
439885
440147
440324
440512
440903
441442
441471
441734
441898
442458
442463
443345
444000
444210
445560
445652
445801
446146
446270
447158
447754
448106
448919
448998
449029
449098
449518
450027
450046
450108
450460
450669
450883
450933
451301
451771
451826
453063
453428
453878
453923
454199
454640
455121
455694
455834
456123
457703
457985
458048
458223
458496
459037
459142
459486
460407
460425
460497
460806
460895
461739
461893
461900
462678
463418
463757
463893
464204
464408
464835
466030
466374
467086
467518
468059
468911
469209
469215
469561
470313
470517
470539
470615
470704
471305
471590
472146
472516
473300
473338
473647
474159
474179
474475
474816
474868
474909
475766
476281
476404
476622
477051
477077
477229
477359
478053
479125
479413
479727
480423
480645
480859
480865
480881
481229
481800
481827
482437
482952
483518
483572
483754
483853
484407
484760
485283
485957
486212
486396
486401
486494
486654
486975
487190
487561
487592
487710
488267
488723
489057
489364
489589
489656
489712
489773
489955
490037
490118
490923
491061
491339
491599
491884
492212
492312
492725
492785
492825
493523
493587
493661
494246
494281
494483
494621
495213
495384
495801
495945
496166
496380
498241
498681
498701
498766
498883
499073
499831
500168
500586
500893
501665
501912
502023
502045
502089
502442
502536
502761
502824
502997
503358
503604
503714
503885
504287
505460
506002
506950
507391
507876
508217
508540
508565
508688
510193
510384
510413
510454
510826
510942
511751
511794
512258
512361
512778
513091
513161
513377
513520
513700
513734
513820
515425
515670
515990
516457
516579
516999
517858
518267
518361
518632
519105
519826
520617
520620
520676
521440
521489
521894
522081
522192
523264
523387
523929
524196
524245
524765
525336
525351
525573
525614
525641
525926
526049
526701
526838
527059
527150
527383
527562
528610
528642
528667
528713
529035
529843
530305
530374
532417
532871
533600
534037
534114
534387
534691
534912
535446
535733
536746
536837
536913
536933
537056
537379
538251
538467
539061
539139
539298
539646
539761
539793
539850
540532
540744
541216
541347
541836
542774
543144
543558
543701
543790
543796
543800
543844
543868
544027
544339
544538
544694
545233
545368
546190
546786
546971
547295
547695
548244
548645
549321
549381
550169
550922
551211
551477
551526
552384
552515
552777
552825
553042
553285
554578
555004
555815
556313
557244
557486
557711
557816
557973
558124
558395
559284
559592
559714
559814
560321
560409
560804
560832
561288
561851
561902
562269
563184
563468
563646
563664
563779
564104
564592
564795
565325
565887
566487
567267
567427
567601
567740
567948
568271
568396
569830
570227
570499
570855
571056
571156
571246
571348
571883
573126
573389
573965
574361
574615
576272
576433
576456
577680
578666
578769
578968
579126
579146
579499
579626
580020
580201
580591
580655
580898
581494
581697
581702
581756
582416
582957
583089
583527
583988
584003
584114
584201
584412
584965
585109
585358
585464
585696
586109
586910
586911
586963
587488
587870
587932
588041
588518
589274
589310
589759
590233
590372
591499
591507
592060
592541
592644
593594
593735
594090
594283
594311
594624
594695
596005
596589
596670
596885
597051
597738
598562
599120
599775
600028
600152
600296
600419
600674
600850
601409
601475
601575
601735
601771
602052
602250
602292
602298
602428
602556
602823
603427
603744
603797
603978
604547
605789
605811
605836
606297
606499
606582
606650
607465
607547
607909
608530
608615
609893
610007
610022
610417
611373
611522
612374
612766
613431
614451
615696
616161
616209
617422
617646
617649
618416
618946
619194
619954
621181
621202
621575
622298
622365
622661
622701
622906
623277
623484
624215
624880
625045
625299
625825
625835
625853
626169
626271
626502
627036
627048
627251
627515
627755
628611
629290
629471
632542
633445
633498
633536
633918
634143
635301
635875
636273
636337
636712
636946
637169
637824
637861
637897
637949
638158
638342
638867
638991
639108
639407
639637
639809
639927
640140
642301
642312
642394
643039
643049
643218
643512
643880
644640
645128
645233
645350
645658
645736
646010
646049
646409
646411
646811
647029
647035
647078
647145
647386
647553
647675
647733
647849
648061
648844
649222
649305
649636
649840
649958
650091
650175
650791
650860
650916
651140
651672
652587
652622
652837
653377
653563
654451
654769
655469
655590
656002
656497
656625
657536
658122
658342
658605
658675
659157
659361
659737
659854
660375
661596
662047
662130
662817
663452
663493
663542
663838
664040
664137
664181
664601
664660
664808
664853
665487
665778
665812
666295
666389
666453
666950
667406
667632
668176
668938
669382
669803
670766
671054
671081
671085
671151
672170
672606
672845
673640
674161
674594
674738
674833
675246
675724
676006
676378
676426
676678
677335
677417
677548
678255
678474
679397
679580
679730
680224
680487
680689
680753
680987
681760
681963
682014
682301
682503
682996
683328
683369
683765
683844
683856
683910
684288
684827
684839
685208
685459
685686
686175
686266
686393
686498
686629
686746
686769
686947
686984
687152
687170
687476
687542
687648
688501
689088
689791
690056
690138
690284
690473
691566
691683
691840
692035
692391
692712
692769
692975
693029
693246
694554
694705
694821
695997
696510
696565
697094
697391
697579
697602
697858
698272
698282
698491
698755
698913
699236
699324
699423
699643
700222
700391
700446
700551
701502
701679
701719
702696
702898
702913
705091
705109
705318
705480
705539
705719
705994
706078
706807
707418
708295
709588
709672
709744
709950
710792
711229
711230
711283
711303
711731
712076
712522
712541
712596
712684
712828
713017
713024
713058
713091
713616
714045
714182
714505
714974
715475
716500
717338
717388
717598
717680
720440
721341
721720
721793
721907
722248
722382
722782
723485
724093
724339
724343
724376
725115
725998
727070
727688
728335
728340
728572
729104
729220
729394
729647
729735
730823
731279
731966
732244
732375
732597
732899
733103
733220
733280
733452
733644
733791
733799
734114
735417
735632
735644
736147
736257
736645
736823
736898
736981
737188
737473
737881
738137
738813
738821
739180
740200
740692
740999
741369
741940
742088
742102
742414
742767
743122
743584
743735
744054
745237
745420
745478
745847
746240
746450
747000
747102
747174
747205
747791
748305
748958
749092
749139
749235
749591
750097
750166
750777
751121
751530
752015
752441
752520
753394
753572
753888
754936
755905
756184
756701
756973
757293
759248
759613
760093
761564
762407
763091
764332
764524
764546
765052
765682
765709
765792
766207
767140
767299
767481
767659
768337
768534
768727
768742
768805
768829
769431
770607
770850
771114
771587
772323
773042
773047
773254
773471
773733
773988
774059
774194
774219
774485
774611
774958
775205
775298
775423
775539
776714
776863
777136
777234
777647
777698
777865
778781
778889
778954
779338
779526
780262
780496
780672
780873
780906
780916
781032
781110
781238
781808
782301
782682
783277
783420
783732
783916
785106
786745
787247
787362
787564
787653
787719
788537
788710
788969
790010
790102
790103
790106
790343
790693
790954
790959
791951
792726
792857
793413
793493
793622
793919
793977
794259
794497
794843
794881
795198
795349
795914
796334
796639
797946
798037
798063
798483
798551
798606
798706
798999
799246
800131
800254
800472
800715
801353
802278
802805
803404
803585
803810
804504
804764
804775
805612
806870
806907
808832
808866
808955
809014
810455
810562
811988
812443
812900
813057
813102
813643
813843
813848
814174
814808
814966
815143
815322
816156
816816
816985
817274
817301
817308
818751
818971
818980
819730
820009
820014
820071
820286
820667
820872
822490
822779
822806
823360
823828
824156
824218
824223
824355
824405
824466
824514
824631
825482
826360
826797
826998
827204
827286
827306
827386
827588
827854
827862
828100
828173
828637
828898
829220
829654
830065
830486
830507
831492
831939
831948
831992
832377
832482
832543
833636
833780
833927
834747
834982
835112
835376
836399
837134
837150
837235
837304
837340
837414
837651
837928
838194
838204
838357
838737
839095
839125
839559
839598
840401
840694
841651
841711
842103
842113
842135
842891
843195
843347
844556
844592
844791
845263
845343
845462
845472
845569
845605
845673
846033
846256
846638
846709
847125
847478
847730
848529
848810
849151
849397
849993
850463
850800
850856
850867
851556
851616
852310
852384
852993
853517
853707
853811
854160
855996
856453
857809
858756
858951
859453
859538
859549
859691
859864
860003
860040
861729
861837
862586
862981
863355
863555
863603
863786
864309
864643
864779
865032
865201
865848
866648
866782
867840
868250
868908
868986
869222
869281
869520
869797
869895
869912
870354
870816
870994
871753
871913
872371
873224
873277
873512
874114
874602
874681
875004
875318
875987
876843
877025
877342
877492
877707
877768
877881
877892
878073
878312
878937
879460
879516
880850
881168
881851
882853
883541
883761
883957
884454
884889
885348
885874
886012
886580
886854
886968
888060
889214
890213
890572
890632
890642
890818
891018
891510
892035
892615
892718
893518
893886
893887
893915
894376
896090
896553
896904
897369
897524
898721
899166
899236
899505
900082
900326
900385
901438
901738
902193
902310
903223
903510
903870
904333
904451
904522
904748
904827
905014
905466
905741
905823
906044
907460
907602
907711
907841
907843
907857
907915
908057
908084
908482
910375
910772
911061
911183
911284
911641
912061
912511
913166
913364
913685
914070
914645
914837
914934
916262
917620
918013
918151
918472
918516
918568
918917
919149
920064
920109
920198
920286
920545
920738
920779
921198
921762
923037
923373
923601
923828
923929
924165
925255
925671
926765
926822
926895
927782
928535
928715
929023
929480
929554
930565
930733
930919
931779
931940
932322
932457
933969
934955
935018
935425
935590
936058
936596
936829
936864
936950
937009
937643
937888
937941
938039
938101
938788
938794
939465
939563
940415
941492
941812
941849
943190
943522
944045
944221
944802
945375
945498
945693
945724
945991
946157
946208
946411
947154
947630
948858
948913
949081
949164
949335
949459
949824
949934
950014
950281
951945
952084
952300
952333
952691
952693
952973
953401
953570
953654
953799
954515
954705
955103
955451
956168
957269
957632
957643
958103
958187
958570
959363
959773
959831
960336
960772
961027
961488
962459
962704
965097
965222
965266
965366
965569
966696
966754
966992
967216
967476
968343
969280
969339
969629
969732
969981
970618
970620
970676
971282
971769
971789
972149
972397
972433
973113
973169
973787
973931
974101
974131
974529
974690
975052
975869
975944
976231
976447
976590
977018
977141
977162
977378
979054
979101
979745
980108
980447
980501
980695
981052
982030
982179
982753
983444
983479
983679
983688
984867
985211
986519
986715
986881
987461
987634
987934
988084
989078
989235
989513
989556
989576
989831
990513
990577
991066
991265
992023
992193
992336
992933
993016
993276
993597
993744
993840
993870
993886
994321
994388
995063
995370
995503
995844
996259
996426
996648
997008
997196
998329
998978
999896
